9815040.080160
25722104.208417
26528707.414830
28731913.827655
29985120.240481
30671723.446894
32294929.859719
33466533.066132
33576533.066132
35871342.685371
37936152.304609
38136152.304609
39949358.717435
41047565.130260
44012374.749499
44890581.162325
46222184.368737
46863787.575150
47900390.781563
49638597.194389
51363406.813627
52585010.020040
54378216.432866
56056422.845691
56493026.052104
56883026.052104
60666042.084168
60916042.084168
62775851.703407
64164058.116232
64664058.116232
68025470.941884
68302074.148297
69428677.354709
71226883.767535
72180090.180361
72865090.180361
73276693.386774
73798296.593186
74043296.593186
76788106.212425
78486312.625251
81909328.657315
83977535.070140
85030741.482966
86282344.689379
86798947.895792
87380551.102204
89965360.721443
90946963.927856
91448567.134269
92655170.340681
92805170.340681
93793376.753507
95751583.166333
98341392.785571
100626202.404810
101122805.611223
102269408.817635
102424408.817635
102741012.024048
103371012.024048
104137615.230461
104869218.436874
107620631.262525
108587234.468938
109895440.881763
111958647.294589
112203647.294589
112590250.501002
114278456.913828
114553456.913828
115050060.120240
115941663.326653
116728266.533066
117269869.739479
118873076.152305
119003076.152305
120386282.565130
121832885.771543
122164488.977956
123351092.184369
123707695.390782
124854298.597194
126804108.216433
129293917.835671
129698917.835671
130500521.042084
130957124.248497
133766933.867735
134483537.074148
135250140.280561
135691743.486974
136698346.693387
136943346.693387
138743156.312625
139178156.312625
139839759.519038
140169759.519038
141959569.138277
142159569.138277
143241172.344689
144509378.757515
144934378.757515
146142585.170341
147074188.376754
147404188.376754
147500791.583166
148667394.789579
149518997.995992
151578807.615230
151833807.615230
153182014.028056
153637014.028056
154048617.234469
154048617.234469
154563617.234469
155425220.440882
158226633.266533
158858236.472946
159088236.472946
160841442.885772
161188046.092184
162104649.298597
162534649.298597
164879458.917836
165821062.124249
166002665.330661
166662665.330661
167014268.537074
167565871.743487
168367474.949900
169719078.156313
170390681.362725
172910490.981964
173287094.188377
173747094.188377
177815110.220441
178041713.426854
178793316.633266
179438316.633266
180691523.046092
181563126.252505
181828126.252505
183161332.665331
183336332.665331
183702935.871743
185186142.284569
185346142.284569
186312745.490982
186894348.697395
187259348.697395
187915951.903808
190625761.523046
191022364.729459
191377364.729459
191733967.935872
192735571.142285
193322174.348697
-199875000.000000
-199378396.793587
-196418587.174349
-195611983.967936
-195400380.761523
-194553777.555110
-194278777.555110
-194133777.555110
-191112364.729459
-190400761.523046
-189689158.316633
-189229158.316633
-188010951.903808
-186312745.490982
-184944539.078156
-183867935.871743
-182644729.458918
-182339729.458918
-179483316.633267
-177840110.220441
-176708507.014028
-176598507.014028
-175636903.807615
-175440300.601202
-174453697.394790
-173942094.188377
-173502094.188377
-172595490.981964
-171868887.775551
-171082284.569138
-170857284.569138
-169714078.156313
-169499078.156313
-166497665.330661
-163697855.711423
-163121252.505010
-162746252.505010
-162644649.298597
-159378236.472946
-157270030.060120
-155731823.647295
-153767014.028056
-150470601.202405
-149133997.995992
-147860791.583166
-147685791.583166
-146714188.376754
-146097585.170341
-145245981.963928
-142194569.138277
-139714759.519038
-137139949.899800
-135105140.280561
-134373537.074148
-129870521.042084
-128587314.629259
-128215711.422846
-126819108.216433
-125872505.010020
-125190901.803607
-118803076.152305
-117329869.739479
-116773266.533066
-116348266.533066
-114885060.120240
-113998456.913828
-112063647.294589
-111753647.294589
-110120440.881764
-108160631.262525
-107525631.262525
-99884599.198397
-98046392.785571
-97184789.579158
-93296773.547094
-92790170.340681
-91888567.134269
-86512344.689379
-86387344.689379
-84975741.482966
-83547535.070140
-83422535.070140
-83005931.863727
-80139519.038076
-71336883.767535
-67605470.941884
-66437264.529058
-63285851.703407
-62449248.496994
-61382645.290581
-60251042.084168
-57669629.258517
-57194629.258517
-55451422.845691
-54283216.432866
-50876803.607214
-48266993.987976
-47690390.781563
-45495581.162325
-43622374.749499
-42745771.543086
-42069168.336673
-39534358.717435
-38797755.511022
-37721152.304609
-36087945.891784
-35771342.685371
-35301342.685371
-35119739.478958
-12414849.699399
-10776643.286573
-6352024.048096
